2025-09|304,181|164|23968|33010|30|0.7%|1,855
2025-10|18,777|17|2549|3595|44|0.7%|1,105
2025-11|63,460|26|9531|13319|19|0.3%|2,441
2025-12|11,148|4|3082|4231|7|0.1%|2,787
2026-01|11,379|6|2780|3924|2|0.2%|1,896
2026-02|190,374|59|15310|21823|11|0.4%|3,227
2026-03|97,786|40|17440|24305|27|0.2%|2,445
2026-04|87,815|39|19206|26270|24|0.2%|2,252
2026-05|55,627|22|8094|10776|10|0.3%|2,528

TOTALS: Rs.840,547 | 377 units | 101960 sessions | 174 refunds
Conv: 0.37% | AOV: Rs.2,230 | Refund rate: 46.2%
